(2726, 12208) = (51.4491681, -3.199995611764706)
(2725, 12213) = (51.46605702659574, -3.273186255319149)
(2724, 12214) = (51.49268334751773, -3.2138919290780144)
(2724, 12215) = (51.49467843615108, -3.181833614208633)
(2725, 12214) = (51.47169133333333, -3.208198)
(2725, 12215) = (51.47624475653595, -3.177102685457516)
(2726, 12213) = (51.45341744736842, -3.265351789473684)
(2727, 12212) = (51.4002662, -3.3372226)
(2727, 12213) = (51.405816151785714, -3.2822252321428573)
(2726, 12215) = (51.4491681, -3.199995611764706)
(3143, 9493) = (38.54891230136986, -122.80767635616438)
(3296, 9621) = (33.13224931130064, -117.16389652878465)
(3277, 9639) = (33.803229598039216, -116.40195021568627)
(3278, 9637) = (33.77440954340836, -116.46156138263666)
(3278, 9638) = (33.783089, -116.45136071428571)
(3278, 9639) = (33.76915953909844, -116.38718806347747)
(3279, 9638) = (33.74108425, -116.4208725)
(3279, 9639) = (33.7406698483871, -116.39290126774193)
(3278, 9640) = (33.77641966796875, -116.35528003125)
(3278, 9641) = (33.7672240625, -116.2975325625)
(3279, 9640) = (33.746523273654915, -116.35629582374769)
(3279, 9641) = (33.73956386111111, -116.30190438888889)
(3278, 9642) = (33.76454206617647, -116.27252494852941)
(3279, 9642) = (33.73092213636364, -116.23884963636364)
(3279, 9643) = (33.73767665882353, -116.21825970588235)
(3279, 9644) = (33.744890516666665, -116.1865365)
